fa2b52af32f6a4b9c22c270f36e92960c29ef364,2019-05-13 19:38:10,MarcoFalke,"src/net_processing.cpp,test/functional/p2p_segwit.py"
