19326,2020-06-19 02:29:11,sipa,Simplify hash.h interface using Spans,Refactoring,2020-08-03 15:28:34,2020-08-03 15:28:34,laanwj
