bd0f41387783ee91623d7fac15e89e57db37df82,2016-05-30T09:43:53Z,jonasnick,src/rpc/rawtransaction.cpp
