5218,2014-11-05 12:49:28,jonasschnelli,Qt: Add support for missing scrollbar in peers table,,2014-11-05 14:58:50,2014-11-05 14:58:50,laanwj
