3381,2013-12-10 11:00:05,Diapolo,[Qt] fix RecentRequestsTableModel function ambuguity,,2013-12-18 06:27:17,2013-12-18 06:27:17,laanwj
