7093,2015-11-24 21:59:50,gmaxwell,Address mempool information leak and resource wasting attacks.,"P2P,Privacy",2016-05-20 07:58:58,,
