ef2beb2c1300b0725cf06ac9309c35a8046936f3,2018-01-24T17:45:21Z,jnewbery,test/functional/feature_versionbits_warning.py
3bbd8437089bfd3c7fe336a1f685894a314ea98e,2018-01-24T17:57:34Z,jnewbery,test/functional/feature_versionbits_warning.py
1e2e09e2f6382ed239d974720126c642c3e3690c,2018-01-24T18:29:13Z,jnewbery,test/functional/feature_versionbits_warning.py
