12c9ee06ea78b3e1dc469f8a17b21dc0f772ab52,2011-08-12T08:56:50Z,muggenhor,"src/bitcoinrpc.cpp,src/db.cpp,src/init.cpp,src/main.cpp,src/main.h,src/net.cpp"
7b720ac1768113ec1b9598389c69fc0da67e8533,2011-08-12T20:07:34Z,muggenhor,src/bitcoinrpc.cpp
e58d58fabc2a90d29ee65d2e308784a8e14c684e,2011-10-02T13:32:55Z,muggenhor,src/util.h
