laanwj,2019-10-02 15:31:22,This is a change to leveldb; please file this [upstream](https://github.com/google/leveldb).,https://github.com/bitcoin/bitcoin/pull/17024#issuecomment-537548475,537548475,
