84547fa6d408bdda1685f6d5972232bb19d97a7d,2018-07-19T00:52:43Z,sipa,"src/script/sign.h,src/serialize.h"
