c5a887b5fba5266dda6e6a6ce299dcb97ce98dbb,2018-02-11T03:25:11Z,Willtech,CONTRIBUTING.md
