07d5287f42ececa2e059724c7c5bba55c8658bc6,2014-09-11T13:22:39Z,sdaftuar,contrib/linearize/linearize-data.py
