e58985c916fda39b8ccf08d0db00426af939749a,2018-08-08T11:22:13Z,domob1812,src/validation.cpp
