1111ddb9e59239f7831a9e3a81a1f67a3725c5ec,2016-09-11T18:06:20Z,MarcoFalke,.gitignore
