b8585384da2c5de236431ebb71eec41aaac66b98,2013-05-07T16:33:52Z,TheBlueMatt,src/main.cpp
f89faa258404d2e6fd4300990275cd2439e51255,2013-05-07T16:37:37Z,TheBlueMatt,"src/init.cpp,src/main.cpp"
f65e7092a200ee6e9453058c3dafbab62d9b4dcc,2013-05-18T01:09:28Z,TheBlueMatt,src/main.cpp
