1b0db7b984c49f40cf95c6f685c3c5c790f07606,2015-06-01T07:09:51Z,Philip Kaufmann,"src/qt/forms/rpcconsole.ui,src/qt/peertablemodel.cpp,src/qt/rpcconsole.cpp"
7211adad85275db24835bb877a29b28adcf06f62,2015-06-01T09:39:52Z,Philip Kaufmann,src/qt/peertablemodel.cpp
e0597268116cf90d961abeba9d14aaad0ab682d2,2015-06-06T08:38:15Z,Philip Kaufmann,"src/qt/rpcconsole.cpp,src/qt/rpcconsole.h"
