bb530efa1872ec963417f61da9a95185c7a7a7d6,2018-08-24T00:01:14Z,sipa,src/primitives/transaction.h
