5b263399a09432988aadfbd85c85ecdb8275bf13,2018-08-21T18:52:31Z,domob1812,"doc/zmq.md,src/zmq/zmqabstractnotifier.h,src/zmq/zmqconfig.h,src/zmq/zmqnotificationinterface.cpp,src/zmq/zmqnotificationinterface.h,src/zmq/zmqpublishnotifier.cpp,src/zmq/zmqpublishnotifier.h"
