6e205eba9a59f7a2bebb47ac0bf659934e81eaf4,2020-02-16 22:12:27,theStack,src/rpc/rawtransaction.cpp
