15771,2019-04-08 19:10:55,promag,qa: Prevent concurrency issues reading .cookie file,Tests,2019-04-09 14:49:38,2019-04-09 14:49:38,MarcoFalke
